cumulativeLeft ,cumulativeRope ,cumulativeRight
0.67267338 ,0.13994678 ,0.18737984
0.53988369 ,0.23460487 ,0.22551144
0.61286298 ,0.22622145 ,0.16091557
0.57886455 ,0.20366218 ,0.21747327
0.71326898 ,0.13703162 ,0.14969939
0.43577767 ,0.33203027 ,0.23219206
0.51664769 ,0.21415481 ,0.26919749
0.77803963 ,0.11479628 ,0.10716409
0.53622892 ,0.25894780 ,0.20482329
0.62378076 ,0.19771157 ,0.17850767
0.66601002 ,0.16587071 ,0.16811927
0.63773954 ,0.22629861 ,0.13596185
0.73472974 ,0.14606105 ,0.11920921
0.55289978 ,0.23910253 ,0.20799768
0.41323717 ,0.44678139 ,0.13998144
0.54305971 ,0.25157781 ,0.20536248
0.62563787 ,0.18714185 ,0.18722027
0.47906250 ,0.19146892 ,0.32946858
0.59063233 ,0.17847163 ,0.23089604
0.56534199 ,0.23666839 ,0.19798962
0.71668339 ,0.13237414 ,0.15094247
0.58233246 ,0.23139399 ,0.18627354
0.46500213 ,0.25014888 ,0.28484900
0.70224509 ,0.16721711 ,0.13053780
0.70482559 ,0.17425634 ,0.12091807
0.69870136 ,0.15652078 ,0.14477786
0.58183387 ,0.17814049 ,0.24002564
0.69506085 ,0.15713143 ,0.14780772
0.63360664 ,0.19280053 ,0.17359283
0.68351380 ,0.15061901 ,0.16586718
0.70806613 ,0.16052476 ,0.13140912
0.65803412 ,0.15667493 ,0.18529095
0.72438795 ,0.10707453 ,0.16853752
0.60840224 ,0.20373116 ,0.18786659
0.62887296 ,0.17400000 ,0.19712704
0.64416929 ,0.19108355 ,0.16474716
0.50849038 ,0.25078910 ,0.24072052
0.58966090 ,0.22197571 ,0.18836339
0.72138534 ,0.13673555 ,0.14187911
0.69487167 ,0.15759200 ,0.14753633
0.61952448 ,0.20163300 ,0.17884251
0.70099743 ,0.14802885 ,0.15097371
0.60041400 ,0.24657462 ,0.15301138
0.65316318 ,0.22021888 ,0.12661794
0.69462380 ,0.16549391 ,0.13988228
0.72430326 ,0.16183222 ,0.11386452
0.48696447 ,0.22187085 ,0.29116468
0.60487577 ,0.19956658 ,0.19555765
0.67847910 ,0.18505751 ,0.13646339
0.54823462 ,0.19229788 ,0.25946750
0.59658246 ,0.26465890 ,0.13875864
0.54759826 ,0.23502053 ,0.21738121
0.67241424 ,0.16219080 ,0.16539496
0.65490507 ,0.12880092 ,0.21629401
0.66187637 ,0.17438474 ,0.16373889
0.62652075 ,0.19116661 ,0.18231264
0.56273438 ,0.30800589 ,0.12925973
0.74932877 ,0.10320295 ,0.14746828
0.62104941 ,0.11923175 ,0.25971884
0.71797557 ,0.15867965 ,0.12334478
0.55762672 ,0.25097870 ,0.19139458
0.57019486 ,0.20469651 ,0.22510864
0.70569529 ,0.14170171 ,0.15260300
0.51175115 ,0.32849938 ,0.15974947
0.57857506 ,0.24751914 ,0.17390580
0.72738233 ,0.13806528 ,0.13455239
0.70100880 ,0.16063417 ,0.13835703
0.68082251 ,0.16750065 ,0.15167685
0.49176097 ,0.27969228 ,0.22854675
0.62612007 ,0.18733617 ,0.18654377
0.68368041 ,0.13800339 ,0.17831620
0.74990046 ,0.12654432 ,0.12355523
0.69880743 ,0.13948570 ,0.16170687
0.68105251 ,0.15671616 ,0.16223133
0.55561185 ,0.17304065 ,0.27134749
0.52879287 ,0.26017799 ,0.21102914
0.63992285 ,0.19409390 ,0.16598324
0.68910575 ,0.15996698 ,0.15092727
0.50095520 ,0.29068493 ,0.20835988
0.63788036 ,0.23221450 ,0.12990515
0.55931675 ,0.21173036 ,0.22895289
0.64163524 ,0.19734569 ,0.16101907
0.47540693 ,0.34309522 ,0.18149784
0.59386181 ,0.20797323 ,0.19816496
0.65529510 ,0.14571548 ,0.19898942
0.71757573 ,0.17729630 ,0.10512797
0.76487980 ,0.15430438 ,0.08081582
0.50501201 ,0.38939263 ,0.10559536
0.70264970 ,0.16163656 ,0.13571373
0.67924330 ,0.14177496 ,0.17898174
0.75494128 ,0.12632528 ,0.11873344
0.53060788 ,0.26516508 ,0.20422704
0.56775642 ,0.20895490 ,0.22328868
0.56663033 ,0.19500291 ,0.23836676
0.62742841 ,0.23501598 ,0.13755561
0.70750410 ,0.13381132 ,0.15868458
0.67461983 ,0.16411151 ,0.16126866
0.77169928 ,0.13879056 ,0.08951016
0.71878286 ,0.14501548 ,0.13620166
0.51882257 ,0.21699330 ,0.26418412
0.55763324 ,0.16595064 ,0.27641613
0.55081758 ,0.24430754 ,0.20487488
0.65659162 ,0.20842796 ,0.13498042
0.65644344 ,0.14709900 ,0.19645756
0.65545604 ,0.22047802 ,0.12406594
0.55539878 ,0.25966771 ,0.18493351
0.68247490 ,0.15494831 ,0.16257680
0.60259855 ,0.19600608 ,0.20139537
0.60041400 ,0.24657462 ,0.15301138
0.64872879 ,0.20277247 ,0.14849874
0.69664913 ,0.16652192 ,0.13682895
0.49665572 ,0.30585437 ,0.19748991
0.69807677 ,0.17876713 ,0.12315610
0.67301622 ,0.15009323 ,0.17689055
0.55772988 ,0.20947266 ,0.23279746
0.67463267 ,0.13998779 ,0.18537954
0.53096679 ,0.33983038 ,0.12920283
0.74764699 ,0.12801037 ,0.12434264
0.57800940 ,0.25609976 ,0.16589084
0.63181674 ,0.15105776 ,0.21712550
0.52521994 ,0.30752653 ,0.16725353
0.70225923 ,0.16619248 ,0.13154830
0.63740769 ,0.17540864 ,0.18718367
0.48284222 ,0.25776852 ,0.25938926
0.69733193 ,0.16683879 ,0.13582928
0.61435005 ,0.17066814 ,0.21498181
0.70806688 ,0.13905353 ,0.15287959
0.64795608 ,0.17377593 ,0.17826799
0.63133024 ,0.21804226 ,0.15062750
0.63509609 ,0.21258574 ,0.15231817
0.59616612 ,0.23192033 ,0.17191355
0.67756842 ,0.15921557 ,0.16321601
0.63770121 ,0.14603137 ,0.21626742
0.71481793 ,0.16036894 ,0.12481314
0.57772870 ,0.17046809 ,0.25180321
0.54048594 ,0.23052221 ,0.22899185
0.70608113 ,0.15366265 ,0.14025622
0.66468823 ,0.17982924 ,0.15548253
0.56584053 ,0.24848905 ,0.18567042
0.72816736 ,0.12143319 ,0.15039945
0.61722368 ,0.16210722 ,0.22066910
0.57687961 ,0.20529760 ,0.21782279
0.45352366 ,0.24669615 ,0.29978020
0.66401871 ,0.14935167 ,0.18662961
0.49988613 ,0.27678844 ,0.22332542
0.64083790 ,0.17032438 ,0.18883772
0.68681112 ,0.14510851 ,0.16808037
0.77818090 ,0.12430234 ,0.09751676
0.65135401 ,0.19547597 ,0.15317002
0.59957326 ,0.18081463 ,0.21961211
0.74012047 ,0.12852586 ,0.13135368
0.54606809 ,0.27513817 ,0.17879374
0.76052514 ,0.13902335 ,0.10045151
0.69914563 ,0.16734773 ,0.13350665
0.69474344 ,0.16823597 ,0.13702059
0.73742671 ,0.12485162 ,0.13772168
0.60244934 ,0.17402621 ,0.22352444
0.57088390 ,0.14065968 ,0.28845642
0.72381488 ,0.16431946 ,0.11186566
0.48380052 ,0.33998647 ,0.17621301
0.72841026 ,0.16075575 ,0.11083400
0.52645283 ,0.28668436 ,0.18686281
0.60731354 ,0.19410982 ,0.19857664
0.57694412 ,0.19641736 ,0.22663852
0.55819563 ,0.22054167 ,0.22126270
0.63964155 ,0.18551737 ,0.17484108
0.58367090 ,0.20521566 ,0.21111344
0.66807571 ,0.17546713 ,0.15645716
0.64292878 ,0.18136426 ,0.17570696
0.71403915 ,0.14874439 ,0.13721647
0.67374635 ,0.14898892 ,0.17726473
0.61318384 ,0.15008301 ,0.23673315
0.46095202 ,0.30704696 ,0.23200102
0.70829350 ,0.14370844 ,0.14799807
0.59463066 ,0.24312473 ,0.16224461
0.67342420 ,0.16109902 ,0.16547678
0.63740769 ,0.17540864 ,0.18718367
0.64922198 ,0.18048016 ,0.17029786
0.56676654 ,0.30329164 ,0.12994182
0.68232135 ,0.14489053 ,0.17278812
0.78210043 ,0.10913423 ,0.10876534
0.53873783 ,0.30483434 ,0.15642783
0.67903447 ,0.14971591 ,0.17124962
0.59620523 ,0.23189637 ,0.17189840
0.55121871 ,0.26295679 ,0.18582450
0.51325145 ,0.31064993 ,0.17609862
0.72592582 ,0.11937861 ,0.15469558
0.76056070 ,0.12737185 ,0.11206745
0.52286921 ,0.30366842 ,0.17346237
0.66528626 ,0.21288194 ,0.12183180
0.62445707 ,0.19543268 ,0.18011025
0.72734801 ,0.13839933 ,0.13425266
0.63465901 ,0.17230287 ,0.19303812
0.66304742 ,0.15538598 ,0.18156660
0.59199959 ,0.22958871 ,0.17841171
0.65536916 ,0.16621546 ,0.17841538
0.55269887 ,0.22372096 ,0.22358017
0.63602922 ,0.24163889 ,0.12233189
0.69663180 ,0.14711797 ,0.15625023
0.56392571 ,0.24359580 ,0.19247849
0.61259497 ,0.14998952 ,0.23741552
0.59634182 ,0.18172895 ,0.22192923
0.68821747 ,0.15823794 ,0.15354459
0.55744217 ,0.23856380 ,0.20399402
0.67162888 ,0.16217741 ,0.16619371
0.66498289 ,0.16875160 ,0.16626551
0.73859992 ,0.12961613 ,0.13178394
0.51728686 ,0.26169809 ,0.22101506
0.63395538 ,0.18854461 ,0.17750000
0.63400077 ,0.16744417 ,0.19855506
0.43629495 ,0.34773824 ,0.21596681
0.75303841 ,0.11840622 ,0.12855538
0.62038887 ,0.16421949 ,0.21539165
0.65826500 ,0.16039541 ,0.18133960
0.66080694 ,0.18189022 ,0.15730284
0.62002962 ,0.15199985 ,0.22797053
0.70742757 ,0.14791964 ,0.14465279
0.59627520 ,0.17245138 ,0.23127342
0.60133776 ,0.20788241 ,0.19077982
0.64610673 ,0.19347546 ,0.16041781
0.67136288 ,0.15631130 ,0.17232582
0.54969566 ,0.27580673 ,0.17449760
0.75123801 ,0.12695136 ,0.12181063
0.61425490 ,0.16629656 ,0.21944854
0.56710352 ,0.27345778 ,0.15943871
0.66006329 ,0.17237293 ,0.16756378
0.56611788 ,0.23210630 ,0.20177582
0.63339106 ,0.16233240 ,0.20427655
0.71546408 ,0.13833065 ,0.14620527
0.72217681 ,0.11301974 ,0.16480345
0.64333829 ,0.18193385 ,0.17472786
0.49986208 ,0.24301518 ,0.25712274
0.49216785 ,0.30744156 ,0.20039059
0.69145980 ,0.18034227 ,0.12819793
0.66063872 ,0.18089226 ,0.15846902
0.72391655 ,0.13423707 ,0.14184637
0.50886366 ,0.25293829 ,0.23819805
0.66177963 ,0.16081947 ,0.17740090
0.67741852 ,0.18120869 ,0.14137280
0.65223984 ,0.16492830 ,0.18283186
0.65434797 ,0.11917947 ,0.22647256
0.63382156 ,0.19146006 ,0.17471839
0.55037326 ,0.22239927 ,0.22722747
0.59994105 ,0.27274281 ,0.12731614
0.63204849 ,0.22306302 ,0.14488849
0.63127716 ,0.16565152 ,0.20307132
0.74335141 ,0.14156495 ,0.11508364
0.64364815 ,0.17070733 ,0.18564452
0.58789214 ,0.23899810 ,0.17310976
0.59963381 ,0.23416704 ,0.16619915
0.63332901 ,0.18295981 ,0.18371118
0.71189206 ,0.15296206 ,0.13514587
0.71808742 ,0.14154768 ,0.14036490
0.56570013 ,0.23475934 ,0.19954053
0.71279899 ,0.19475670 ,0.09244432
0.58486208 ,0.21581054 ,0.19932738
0.51393501 ,0.23326368 ,0.25280131
0.52282572 ,0.28095222 ,0.19622206
0.71365175 ,0.15327131 ,0.13307694
0.54818406 ,0.24858148 ,0.20323446
0.70255173 ,0.13183693 ,0.16561134
0.74139383 ,0.15781008 ,0.10079609
0.63160741 ,0.14022689 ,0.22816570
0.73146241 ,0.12804601 ,0.14049158
0.52084984 ,0.31404535 ,0.16510482
0.52910238 ,0.22473230 ,0.24616532
0.66361724 ,0.14943295 ,0.18694981
0.59686141 ,0.19432283 ,0.20881576
0.73165311 ,0.13129356 ,0.13705334
0.60594545 ,0.20173719 ,0.19231736
0.75960562 ,0.14242782 ,0.09796656
0.62645606 ,0.22458134 ,0.14896260
0.64299222 ,0.22084496 ,0.13616283
0.62345716 ,0.16356341 ,0.21297943
0.59582433 ,0.19265227 ,0.21152340
0.74303672 ,0.16037093 ,0.09659235
0.67481664 ,0.16745757 ,0.15772579
0.51975707 ,0.20882906 ,0.27141387
0.64879877 ,0.17652472 ,0.17467651
0.66164172 ,0.20367649 ,0.13468179
0.45533326 ,0.22636528 ,0.31830146
0.69508006 ,0.16955852 ,0.13536142
0.54223365 ,0.31960634 ,0.13816000
0.61925902 ,0.19607615 ,0.18466484
0.71050362 ,0.19880415 ,0.09069223
0.64994826 ,0.17074637 ,0.17930537
0.72775442 ,0.15013490 ,0.12211067
0.58260753 ,0.20657775 ,0.21081472
0.73850769 ,0.10499035 ,0.15650197
0.60041130 ,0.20786912 ,0.19171958
0.65949815 ,0.17251036 ,0.16799149
0.69408724 ,0.14768957 ,0.15822319
0.67436066 ,0.14871349 ,0.17692584
0.68371342 ,0.15129452 ,0.16499206
0.53233632 ,0.26125518 ,0.20640851
0.68326129 ,0.16598356 ,0.15075515
0.73087382 ,0.13311216 ,0.13601402
0.72381247 ,0.15000958 ,0.12617795
0.73144957 ,0.11738625 ,0.15116419
0.57639371 ,0.20636132 ,0.21724496
0.74806025 ,0.13983572 ,0.11210402
0.61438446 ,0.19483063 ,0.19078491
0.57247233 ,0.24062657 ,0.18690110
0.68332773 ,0.16732432 ,0.14934795
0.66854092 ,0.13978866 ,0.19167042
0.61166826 ,0.20783172 ,0.18050001
0.47477387 ,0.32189065 ,0.20333548
0.70790208 ,0.13122295 ,0.16087497
0.69343998 ,0.14427241 ,0.16228761
0.57398937 ,0.23231453 ,0.19369610
0.67641436 ,0.20640967 ,0.11717597
0.63970464 ,0.17770161 ,0.18259375
0.49802258 ,0.26196303 ,0.24001439
0.62124544 ,0.20150453 ,0.17725003
0.38169377 ,0.39580030 ,0.22250593
0.63072443 ,0.18192043 ,0.18735514
0.60910663 ,0.23311603 ,0.15777734
0.61978406 ,0.18789785 ,0.19231810
0.63133024 ,0.21804226 ,0.15062750
0.69762082 ,0.15578017 ,0.14659901
0.67012098 ,0.19899780 ,0.13088121
0.61523110 ,0.22115225 ,0.16361665
0.53474873 ,0.31788331 ,0.14736796
0.60598785 ,0.18956509 ,0.20444705
0.63937805 ,0.23132370 ,0.12929825
0.57718925 ,0.21305085 ,0.20975990
0.59891750 ,0.20078442 ,0.20029808
0.55657111 ,0.21031612 ,0.23311277
0.64070484 ,0.16098660 ,0.19830857
0.71571899 ,0.16709155 ,0.11718945
0.70346711 ,0.15914964 ,0.13738325
0.58340098 ,0.19524340 ,0.22135562
0.64265691 ,0.21385917 ,0.14348392
0.69890771 ,0.14990607 ,0.15118622
0.66195471 ,0.18411331 ,0.15393198
0.65499279 ,0.16250262 ,0.18250459
0.67677355 ,0.17601171 ,0.14721473
0.42811848 ,0.35489512 ,0.21698640
0.58933294 ,0.27890319 ,0.13176387
0.72415421 ,0.15606052 ,0.11978527
0.74827000 ,0.12494245 ,0.12678755
0.64759446 ,0.19891220 ,0.15349333
0.57004433 ,0.27686686 ,0.15308881
0.52927608 ,0.28075984 ,0.18996408
0.68016445 ,0.20459389 ,0.11524166
0.68498019 ,0.16686539 ,0.14815443
0.56841416 ,0.19976289 ,0.23182295
0.59573587 ,0.20259129 ,0.20167283
0.61083636 ,0.22639205 ,0.16277159
0.66264529 ,0.18476104 ,0.15259367
0.67783587 ,0.14366739 ,0.17849674
0.64994826 ,0.17074637 ,0.17930537
0.62098070 ,0.15817410 ,0.22084520
0.64259229 ,0.18162762 ,0.17578009
0.71069039 ,0.15306847 ,0.13624114
0.70447557 ,0.13958949 ,0.15593494
0.57425310 ,0.27473028 ,0.15101662
0.66455343 ,0.19663236 ,0.13881422
0.62377490 ,0.20152087 ,0.17470424
0.63095889 ,0.16148660 ,0.20755451
0.69847216 ,0.15645158 ,0.14507626
0.54488995 ,0.30313865 ,0.15197140
0.83330427 ,0.08759539 ,0.07910035
0.65110930 ,0.13274335 ,0.21614735
0.59313639 ,0.19951184 ,0.20735177
0.51325145 ,0.31064993 ,0.17609862
0.65093307 ,0.20994247 ,0.13912446
0.73108825 ,0.13709207 ,0.13181968
0.69311508 ,0.14003190 ,0.16685302
0.64619813 ,0.16066859 ,0.19313329
0.70945066 ,0.16349687 ,0.12705247
0.66061749 ,0.15909221 ,0.18029029
0.67096630 ,0.16292633 ,0.16610736
0.64297719 ,0.13740217 ,0.21962064
0.69096537 ,0.13818707 ,0.17084757
0.66510201 ,0.21198020 ,0.12291779
0.60110942 ,0.16914565 ,0.22974493
0.66717797 ,0.16486087 ,0.16796116
0.60623087 ,0.15415800 ,0.23961112
0.60362206 ,0.20985176 ,0.18652618
0.65165091 ,0.18651203 ,0.16183706
0.51452357 ,0.20928608 ,0.27619036
0.66260980 ,0.15462624 ,0.18276397
0.64542328 ,0.19291559 ,0.16166113
0.47146582 ,0.22278344 ,0.30575074
0.51827694 ,0.20347248 ,0.27825059
0.69887266 ,0.18848982 ,0.11263751
0.56994851 ,0.20811470 ,0.22193679
0.68667937 ,0.15102340 ,0.16229723
0.67458935 ,0.13514358 ,0.19026706
0.65671455 ,0.12945476 ,0.21383069
0.59053061 ,0.27324590 ,0.13622349
0.60562138 ,0.22343350 ,0.17094512
0.56925794 ,0.24243700 ,0.18830506
0.47980225 ,0.23726784 ,0.28292991
0.77657570 ,0.11157773 ,0.11184657
0.59130506 ,0.25352374 ,0.15517121
0.66225310 ,0.15282920 ,0.18491770
0.63915775 ,0.18368781 ,0.17715443
0.76908109 ,0.12189859 ,0.10902032
0.60581776 ,0.19129585 ,0.20288640
0.65567564 ,0.19264228 ,0.15168208
0.67893191 ,0.17383874 ,0.14722935
0.61191062 ,0.23092791 ,0.15716147
0.61523110 ,0.22115225 ,0.16361665
0.53775308 ,0.20840145 ,0.25384547
0.56676654 ,0.30329164 ,0.12994182
0.69861004 ,0.15733055 ,0.14405941
0.55694007 ,0.20120064 ,0.24185929
0.70928806 ,0.13244441 ,0.15826752
0.50203732 ,0.20400743 ,0.29395525
0.70877488 ,0.17269665 ,0.11852847
0.65185837 ,0.22292877 ,0.12521285
0.60737122 ,0.21479122 ,0.17783756
0.67745844 ,0.18694237 ,0.13559920
0.76533185 ,0.14813309 ,0.08653506
0.63644019 ,0.14515938 ,0.21840043
0.48865809 ,0.24140593 ,0.26993597
0.70792663 ,0.16180887 ,0.13026450
0.67322272 ,0.13900217 ,0.18777511
0.64863650 ,0.17779717 ,0.17356633
0.64611892 ,0.16511873 ,0.18876235
0.49415084 ,0.33681857 ,0.16903059
0.54251430 ,0.27323182 ,0.18425388
0.67454874 ,0.18420992 ,0.14124134
0.58518447 ,0.20258243 ,0.21223310
0.71226895 ,0.14935557 ,0.13837547
0.56837120 ,0.20674492 ,0.22488389
0.51937369 ,0.23963519 ,0.24099112
0.61656100 ,0.18109475 ,0.20234425
0.59441837 ,0.23285413 ,0.17272750
0.64792835 ,0.19391192 ,0.15815973
0.71719838 ,0.16382645 ,0.11897516
0.49834787 ,0.20697626 ,0.29467587
0.56790360 ,0.33148060 ,0.10061580
0.75515579 ,0.13668477 ,0.10815945
0.60851019 ,0.20521356 ,0.18627625
0.73583555 ,0.11610819 ,0.14805626
0.57660370 ,0.24318827 ,0.18020803
0.58222919 ,0.23890552 ,0.17886528
0.61522423 ,0.18377990 ,0.20099587
0.66884276 ,0.13681686 ,0.19434038
0.69418807 ,0.14301241 ,0.16279953
0.52330483 ,0.27266530 ,0.20402987
0.64639279 ,0.22614582 ,0.12746139
0.60496834 ,0.19325430 ,0.20177736
0.46982433 ,0.22476972 ,0.30540595
0.69786204 ,0.13641832 ,0.16571964
0.54969566 ,0.27580673 ,0.17449760
0.63958495 ,0.17372270 ,0.18669235
0.53294369 ,0.31896605 ,0.14809026
0.72329987 ,0.12298680 ,0.15371333
0.60341990 ,0.12331537 ,0.27326473
0.76254312 ,0.14750738 ,0.08994950
0.62252994 ,0.18107730 ,0.19639276
0.61840199 ,0.21325376 ,0.16834425
0.56067884 ,0.25515814 ,0.18416302
0.56187328 ,0.25175629 ,0.18637044
0.62072504 ,0.20844913 ,0.17082583
0.54453293 ,0.19233985 ,0.26312722
0.57708435 ,0.19218863 ,0.23072702
0.60840978 ,0.18236987 ,0.20922035
0.45646360 ,0.24675119 ,0.29678521
0.64972628 ,0.14665522 ,0.20361850
0.68780471 ,0.14172536 ,0.17046993
0.57633281 ,0.21821706 ,0.20545013
0.71480656 ,0.16329642 ,0.12189702
0.62861530 ,0.18834771 ,0.18303699
0.72165721 ,0.15134131 ,0.12700148
0.68420919 ,0.16466986 ,0.15112095
0.62494069 ,0.24432579 ,0.13073351
0.49838025 ,0.23649709 ,0.26512267
0.54382777 ,0.19173785 ,0.26443438
0.66731842 ,0.20991772 ,0.12276385
0.61990616 ,0.19527801 ,0.18481582
0.64399163 ,0.20124802 ,0.15476035
0.64148602 ,0.17138275 ,0.18713122
0.65249809 ,0.20356701 ,0.14393490
0.62900957 ,0.21682344 ,0.15416699
0.65023499 ,0.16052070 ,0.18924430
0.55180160 ,0.25534231 ,0.19285609
0.56720615 ,0.21996942 ,0.21282443
0.64543285 ,0.20404603 ,0.15052112
0.76448694 ,0.12081769 ,0.11469537
0.64488788 ,0.14621578 ,0.20889633
0.72944785 ,0.15916340 ,0.11138876
0.68561581 ,0.17680067 ,0.13758352
0.53752009 ,0.26865368 ,0.19382623
0.63459564 ,0.17694926 ,0.18845510
0.59875167 ,0.20532363 ,0.19592470
0.55956408 ,0.25922490 ,0.18121102
0.57425295 ,0.22631358 ,0.19943347
0.78802389 ,0.11943119 ,0.09254492
0.67894596 ,0.15567082 ,0.16538322
0.54052647 ,0.25228825 ,0.20718529
0.64129395 ,0.18714721 ,0.17155884
0.57501533 ,0.19390250 ,0.23108216
0.69833125 ,0.15218187 ,0.14948688
0.71124428 ,0.14775045 ,0.14100527
0.57395606 ,0.29326880 ,0.13277514
0.57949178 ,0.19994650 ,0.22056173
0.67104532 ,0.12253494 ,0.20641974
0.62722044 ,0.18595507 ,0.18682449
0.46161716 ,0.33089438 ,0.20748846
0.62605794 ,0.18751195 ,0.18643012
0.65404438 ,0.14329338 ,0.20266225
0.60671217 ,0.22715637 ,0.16613146
0.69914800 ,0.14070220 ,0.16014981
0.64429855 ,0.17647194 ,0.17922951
0.59441837 ,0.23285413 ,0.17272750
0.63073521 ,0.18832080 ,0.18094399
0.62282070 ,0.19452252 ,0.18265678
0.69490687 ,0.17603445 ,0.12905867
0.70886520 ,0.15665286 ,0.13448195
0.63380148 ,0.18670048 ,0.17949804
0.67393244 ,0.17058496 ,0.15548260
0.56685848 ,0.22197200 ,0.21116953
0.63494717 ,0.22298752 ,0.14206530
0.53624006 ,0.27815417 ,0.18560577
0.76124513 ,0.12635974 ,0.11239512
0.50918106 ,0.33089655 ,0.15992239
0.74456461 ,0.11717228 ,0.13826311
0.47762749 ,0.36684999 ,0.15552252
0.71240251 ,0.14621947 ,0.14137801
0.62628491 ,0.20642117 ,0.16729391
0.65456807 ,0.16750873 ,0.17792320
0.52800497 ,0.22387580 ,0.24811923
0.66024641 ,0.16643381 ,0.17331978
0.60208852 ,0.16507418 ,0.23283730
0.57453814 ,0.20088632 ,0.22457554
0.72475027 ,0.13189519 ,0.14335454
0.56186025 ,0.22359994 ,0.21453981
0.78959810 ,0.10316864 ,0.10723326
0.64498321 ,0.19222828 ,0.16278851
0.50682943 ,0.24791478 ,0.24525579
0.58743454 ,0.20892689 ,0.20363857
0.62780876 ,0.17369206 ,0.19849918
0.66409794 ,0.20941388 ,0.12648819
0.66598952 ,0.17750015 ,0.15651033
0.60704009 ,0.21960986 ,0.17335006
0.60281710 ,0.21240387 ,0.18477902
0.56095344 ,0.27136892 ,0.16767764
0.58748400 ,0.20967146 ,0.20284454
0.59147625 ,0.22091632 ,0.18760743
0.64887562 ,0.17458089 ,0.17654348
0.62796446 ,0.19967764 ,0.17235791
0.49135959 ,0.36241188 ,0.14622854
0.69756736 ,0.14619995 ,0.15623270
0.59515821 ,0.24544889 ,0.15939290
0.60041400 ,0.24657462 ,0.15301138
0.70482559 ,0.17425634 ,0.12091807
0.61010844 ,0.20557912 ,0.18431244
0.63764395 ,0.22908989 ,0.13326616
0.73726327 ,0.19024494 ,0.07249179
0.71336261 ,0.15865054 ,0.12798685
0.73484130 ,0.14576096 ,0.11939774
0.59603849 ,0.17742442 ,0.22653709
0.67381296 ,0.15277370 ,0.17341334
0.64298082 ,0.22931117 ,0.12770801
0.56720515 ,0.24088450 ,0.19191034
0.66443264 ,0.17071892 ,0.16484844
0.58867679 ,0.15611259 ,0.25521062
0.55572155 ,0.21343752 ,0.23084093
0.69762082 ,0.15578017 ,0.14659901
0.59237771 ,0.27255795 ,0.13506434
0.61807798 ,0.20807895 ,0.17384307
0.72122401 ,0.11863075 ,0.16014524
0.61798752 ,0.26496708 ,0.11704539
0.62377894 ,0.14087807 ,0.23534299
0.65614960 ,0.15591769 ,0.18793270
0.71480656 ,0.16329642 ,0.12189702
0.69271742 ,0.20528662 ,0.10199596
0.72072147 ,0.12894963 ,0.15032890
0.72640600 ,0.12500996 ,0.14858404
0.64280707 ,0.20451549 ,0.15267744
0.70907233 ,0.13678089 ,0.15414678
0.69718762 ,0.18122179 ,0.12159059
0.61608843 ,0.18008539 ,0.20382619
0.70042979 ,0.11452137 ,0.18504884
0.48414920 ,0.32367856 ,0.19217225
0.64159722 ,0.17567521 ,0.18272757
0.68078716 ,0.16553181 ,0.15368103
0.59472591 ,0.22754361 ,0.17773048
0.63292849 ,0.18131112 ,0.18576039
0.51153030 ,0.21650876 ,0.27196094
0.65567723 ,0.19166620 ,0.15265657
0.64335330 ,0.18645998 ,0.17018672
0.55991019 ,0.19286468 ,0.24722513
0.53970370 ,0.22407740 ,0.23621889
0.77203289 ,0.09696574 ,0.13100137
0.62129663 ,0.18133601 ,0.19736736
0.54165577 ,0.31027233 ,0.14807189
0.64859529 ,0.20125658 ,0.15014812
0.64530353 ,0.20621523 ,0.14848123
0.69586394 ,0.14081381 ,0.16332225
0.59515994 ,0.25314496 ,0.15169510
0.60315576 ,0.18795995 ,0.20888429
0.68858091 ,0.14438357 ,0.16703552
0.75682877 ,0.12220350 ,0.12096773
0.78641157 ,0.11443289 ,0.09915553
0.67952163 ,0.13926094 ,0.18121743
0.58156625 ,0.25405904 ,0.16437472
0.49273001 ,0.25002203 ,0.25724796
0.62194089 ,0.16759735 ,0.21046176
0.55304784 ,0.29949328 ,0.14745887
0.59812253 ,0.17996318 ,0.22191429
0.53426728 ,0.25616936 ,0.20956336
0.68103517 ,0.16204926 ,0.15691557
0.62044153 ,0.24998894 ,0.12956953
0.57980414 ,0.17613838 ,0.24405749
0.80815223 ,0.09753941 ,0.09430837
0.62704175 ,0.18713086 ,0.18582739
0.52464983 ,0.30611687 ,0.16923330
0.58999040 ,0.22069255 ,0.18931705
0.76728132 ,0.15367800 ,0.07904068
0.63697008 ,0.14264631 ,0.22038361
0.72861023 ,0.13254716 ,0.13884261
0.69596952 ,0.15463217 ,0.14939831
0.52037207 ,0.26271459 ,0.21691334
0.73207166 ,0.14160918 ,0.12631916
0.49358223 ,0.26031265 ,0.24610511
0.52542783 ,0.27551975 ,0.19905241
0.72944785 ,0.15916340 ,0.11138876
0.65439000 ,0.19276004 ,0.15284996
0.47483092 ,0.38021004 ,0.14495904
0.58879660 ,0.17903953 ,0.23216387
0.66059928 ,0.13169455 ,0.20770617
0.58863665 ,0.16798582 ,0.24337753
0.65678496 ,0.18352362 ,0.15969142
0.63529332 ,0.18028761 ,0.18441907
0.73297367 ,0.14522993 ,0.12179640
0.60582296 ,0.20502783 ,0.18914921
0.70530398 ,0.13106080 ,0.16363522
0.68838159 ,0.16538377 ,0.14623465
0.67155631 ,0.17958801 ,0.14885568
0.65361464 ,0.15998968 ,0.18639568
0.58861951 ,0.23589327 ,0.17548722
0.65143106 ,0.15829558 ,0.19027337
0.60122926 ,0.21060136 ,0.18816937
0.55360032 ,0.21270592 ,0.23369376
0.72207394 ,0.14136958 ,0.13655648
0.64125237 ,0.20710064 ,0.15164699
0.50095520 ,0.29068493 ,0.20835988
0.59463066 ,0.24312473 ,0.16224461
0.71375617 ,0.14417816 ,0.14206567
0.60057855 ,0.23345237 ,0.16596909
0.62997206 ,0.18787126 ,0.18215669
0.68141928 ,0.16807676 ,0.15050396
0.53873829 ,0.24717658 ,0.21408512
0.66261118 ,0.17334024 ,0.16404858
0.47310295 ,0.27912612 ,0.24777094
0.63964713 ,0.21147455 ,0.14887832
0.57633717 ,0.25111184 ,0.17255099
0.57940531 ,0.18667147 ,0.23392322
0.53425096 ,0.21471490 ,0.25103415
0.69231558 ,0.16055577 ,0.14712865
0.73755371 ,0.12108548 ,0.14136081
0.67140939 ,0.16587953 ,0.16271108
0.62025568 ,0.21025648 ,0.16948783
0.72093088 ,0.12395283 ,0.15511629
0.65954448 ,0.18393005 ,0.15652546
0.43556467 ,0.32493326 ,0.23950207
0.55967445 ,0.27059422 ,0.16973132
0.66995574 ,0.14519058 ,0.18485368
0.63773954 ,0.22629861 ,0.13596185
0.62533961 ,0.18606380 ,0.18859660
0.74170257 ,0.12450280 ,0.13379463
0.58340330 ,0.20405451 ,0.21254219
0.74303672 ,0.16037093 ,0.09659235
0.62184683 ,0.21465536 ,0.16349781
0.54294416 ,0.33308452 ,0.12397132
0.54841480 ,0.31151310 ,0.14007211
0.58824489 ,0.18189734 ,0.22985776
0.60045076 ,0.21885900 ,0.18069025
0.73845274 ,0.14642373 ,0.11512353
0.66038095 ,0.18024572 ,0.15937334
0.68751146 ,0.16666991 ,0.14581863
0.69882378 ,0.14349584 ,0.15768038
0.67574117 ,0.20780614 ,0.11645269
0.56384695 ,0.27188051 ,0.16427253
0.64125199 ,0.15589924 ,0.20284877
0.64633384 ,0.18506620 ,0.16859996
0.58292593 ,0.24808747 ,0.16898660
0.67893191 ,0.17383874 ,0.14722935
0.63804139 ,0.22093584 ,0.14102276
0.60405621 ,0.15004616 ,0.24589764
0.61374111 ,0.20061250 ,0.18564639
0.70057869 ,0.13536985 ,0.16405146
0.62941827 ,0.18097782 ,0.18960391
0.61779375 ,0.22722813 ,0.15497812
0.54207439 ,0.24537336 ,0.21255225
0.63537476 ,0.17297429 ,0.19165095
0.69797958 ,0.16215090 ,0.13986952
0.68928488 ,0.14880342 ,0.16191170
0.62816325 ,0.20066539 ,0.17117136
0.64923878 ,0.23051097 ,0.12025025
0.68325672 ,0.16246849 ,0.15427479
0.72265879 ,0.14079269 ,0.13654851
0.57106931 ,0.20490727 ,0.22402342
0.71510633 ,0.15565929 ,0.12923438
0.60165244 ,0.21640986 ,0.18193770
0.71772761 ,0.12882374 ,0.15344866
0.57647742 ,0.22116369 ,0.20235890
0.71737434 ,0.16299387 ,0.11963179
0.58954204 ,0.19733616 ,0.21312181
0.73370138 ,0.12653114 ,0.13976747
0.58178757 ,0.27375945 ,0.14445298
0.69449879 ,0.14417724 ,0.16132397
0.59363491 ,0.18822530 ,0.21813979
0.73070774 ,0.15305485 ,0.11623742
0.60929121 ,0.21786077 ,0.17284802
0.55803778 ,0.27350621 ,0.16845601
0.65682305 ,0.15751698 ,0.18565996
0.64853451 ,0.15529338 ,0.19617212
0.54228213 ,0.24128983 ,0.21642804
0.61177629 ,0.19258020 ,0.19564351
0.65961903 ,0.15001999 ,0.19036098
0.63167797 ,0.22073498 ,0.14758705
0.73670196 ,0.11637125 ,0.14692678
0.66565789 ,0.17842826 ,0.15591386
0.61132097 ,0.18336292 ,0.20531611
0.52351815 ,0.24423805 ,0.23224380
0.61844421 ,0.19126301 ,0.19029278
0.62256673 ,0.14151385 ,0.23591942
0.64919589 ,0.21522181 ,0.13558230
0.54780310 ,0.25292788 ,0.19926902
0.64771393 ,0.14143389 ,0.21085218
0.73556111 ,0.13975844 ,0.12468045
0.67662087 ,0.19345218 ,0.12992695
0.70586670 ,0.15546001 ,0.13867330
0.68339259 ,0.16018956 ,0.15641785
0.58507506 ,0.23869015 ,0.17623479
0.57722581 ,0.21420756 ,0.20856663
0.66180321 ,0.15555932 ,0.18263746
0.52706290 ,0.22206626 ,0.25087084
0.55197330 ,0.21633860 ,0.23168811
0.73376916 ,0.17021249 ,0.09601835
0.62174599 ,0.17582510 ,0.20242890
0.58966933 ,0.26945634 ,0.14087434
0.59524733 ,0.21487585 ,0.18987682
0.70365844 ,0.12607583 ,0.17026573
0.60962642 ,0.29247684 ,0.09789674
0.60626551 ,0.19831532 ,0.19541917
0.66719125 ,0.20795557 ,0.12485319
0.61377642 ,0.15230362 ,0.23391995
0.53884503 ,0.21598981 ,0.24516517
0.53148544 ,0.25935358 ,0.20916098
0.61937811 ,0.18672691 ,0.19389498
0.73940886 ,0.13758328 ,0.12300786
0.60041130 ,0.20786912 ,0.19171958
0.64929142 ,0.17224446 ,0.17846412
0.72814224 ,0.14004849 ,0.13180928
0.66250515 ,0.19532986 ,0.14216498
0.64553776 ,0.16333436 ,0.19112788
0.54300774 ,0.24639503 ,0.21059723
0.61808868 ,0.20047600 ,0.18143532
0.55254646 ,0.25171787 ,0.19573567
0.62809647 ,0.22320505 ,0.14869848
0.59788417 ,0.20086755 ,0.20124828
0.62381904 ,0.20046941 ,0.17571155
0.55386784 ,0.19642514 ,0.24970702
0.69152415 ,0.16137315 ,0.14710270
0.63710840 ,0.19030795 ,0.17258365
0.61193110 ,0.17558116 ,0.21248774
0.53503570 ,0.23625963 ,0.22870467
0.63197928 ,0.16569035 ,0.20233037
0.68990430 ,0.14498591 ,0.16510979
0.66693724 ,0.20261828 ,0.13044448
0.64753380 ,0.15882608 ,0.19364012
0.55730197 ,0.20183657 ,0.24086146
0.79593575 ,0.10442329 ,0.09964095
0.53392576 ,0.29263302 ,0.17344122
0.55872114 ,0.26212881 ,0.17915005
0.57376049 ,0.25525986 ,0.17097965
0.62838929 ,0.20584347 ,0.16576724
0.67847122 ,0.14598717 ,0.17554161
0.74172769 ,0.14507133 ,0.11320098
0.62295434 ,0.17324474 ,0.20380092
0.58763201 ,0.17425888 ,0.23810911
0.69544087 ,0.12938244 ,0.17517669
0.74240737 ,0.14191281 ,0.11567983
0.59616804 ,0.25570447 ,0.14812749
0.60459312 ,0.15560174 ,0.23980514
0.61382791 ,0.17459626 ,0.21157583
0.67294736 ,0.17848824 ,0.14856439
0.62693312 ,0.17505463 ,0.19801225
0.71815446 ,0.20385662 ,0.07798893
0.63447446 ,0.18961678 ,0.17590876
0.69440791 ,0.17031659 ,0.13527550
0.61849121 ,0.19815747 ,0.18335132
0.62402050 ,0.20308632 ,0.17289318
0.68879031 ,0.18056680 ,0.13064289
0.52777145 ,0.22267344 ,0.24955510
0.63851504 ,0.17642285 ,0.18506211
0.71808742 ,0.14154768 ,0.14036490
0.59463066 ,0.24312473 ,0.16224461
0.60998139 ,0.21719601 ,0.17282260
0.49868883 ,0.27412320 ,0.22718797
0.48351301 ,0.30745000 ,0.20903698
0.58524321 ,0.23844411 ,0.17631268
0.61686776 ,0.23360270 ,0.14952954
0.65650887 ,0.20270476 ,0.14078637
0.71725781 ,0.12521231 ,0.15752988
0.66777171 ,0.13660916 ,0.19561914
0.68483807 ,0.15132722 ,0.16383471
0.56995732 ,0.21118135 ,0.21886134
0.64416929 ,0.19108355 ,0.16474716
0.50404422 ,0.29022738 ,0.20572840
0.70248861 ,0.17760597 ,0.11990542
0.71495904 ,0.13316115 ,0.15187981
0.71360159 ,0.14779350 ,0.13860490
0.74503765 ,0.13716071 ,0.11780164
0.58772799 ,0.21813237 ,0.19413964
0.63601530 ,0.16249468 ,0.20149002
0.59364883 ,0.23876647 ,0.16758470
0.62605445 ,0.21791361 ,0.15603193
0.66019291 ,0.19416067 ,0.14564642
0.52345440 ,0.24216664 ,0.23437896
0.62919989 ,0.23018176 ,0.14061835
0.41323717 ,0.44678139 ,0.13998144
0.68717603 ,0.17011334 ,0.14271063
0.71672466 ,0.14864967 ,0.13462567
0.45868121 ,0.22360016 ,0.31771862
0.53102380 ,0.22115376 ,0.24782244
0.73518167 ,0.13112938 ,0.13368895
0.68347174 ,0.15891913 ,0.15760913
0.60873963 ,0.18323504 ,0.20802533
0.61594530 ,0.19531609 ,0.18873861
0.51528554 ,0.26347261 ,0.22124185
0.74434986 ,0.15325565 ,0.10239449
0.70198351 ,0.15403061 ,0.14398588
0.63293402 ,0.20008940 ,0.16697658
0.63905531 ,0.18874544 ,0.17219924
0.53751393 ,0.27695292 ,0.18553315
0.57432879 ,0.25389226 ,0.17177895
0.56794017 ,0.23397196 ,0.19808788
0.77947939 ,0.13216303 ,0.08835758
0.64329676 ,0.19932765 ,0.15737559
0.77872048 ,0.11527174 ,0.10600778
0.50134991 ,0.24654499 ,0.25210510
0.59363588 ,0.16764509 ,0.23871903
0.64610050 ,0.22397414 ,0.12992536
0.63234423 ,0.22532767 ,0.14232810
0.77325091 ,0.11643907 ,0.11031002
0.67688935 ,0.17838831 ,0.14472233
0.64138749 ,0.20540910 ,0.15320341
0.50787433 ,0.32978026 ,0.16234541
0.56728109 ,0.21979678 ,0.21292212
0.66602815 ,0.15350639 ,0.18046547
0.55757991 ,0.22785803 ,0.21456206
0.76533185 ,0.14813309 ,0.08653506
0.62975968 ,0.19046419 ,0.17977613
0.65673860 ,0.16904023 ,0.17422117
0.71567151 ,0.19901938 ,0.08530911
0.72948236 ,0.13955969 ,0.13095796
0.61843438 ,0.20033858 ,0.18122705
0.69997765 ,0.14506878 ,0.15495356
0.69161522 ,0.14761178 ,0.16077300
0.59133825 ,0.14144580 ,0.26721595
0.56032429 ,0.27159784 ,0.16807787
0.67786659 ,0.15127070 ,0.17086271
0.57402486 ,0.28460325 ,0.14137189
0.64327463 ,0.16517016 ,0.19155521
0.72234434 ,0.12542821 ,0.15222745
0.46007675 ,0.27147407 ,0.26844918
0.50180954 ,0.32820609 ,0.16998437
0.66574840 ,0.20894770 ,0.12530390
0.72480622 ,0.20359375 ,0.07160003
0.63639910 ,0.18655164 ,0.17704926
0.62425352 ,0.20839019 ,0.16735630
0.67206030 ,0.17605357 ,0.15188613
0.59271018 ,0.15383137 ,0.25345845
0.59732924 ,0.21017313 ,0.19249763
0.57438949 ,0.24054691 ,0.18506361
0.57525796 ,0.22931891 ,0.19542313
0.64899540 ,0.21233401 ,0.13867059
0.63985985 ,0.18898907 ,0.17115108
0.51175115 ,0.32849938 ,0.15974947
0.53228792 ,0.14134515 ,0.32636692
0.59033695 ,0.20255953 ,0.20710352
0.63825312 ,0.19879530 ,0.16295158
0.62043822 ,0.15217842 ,0.22738336
0.58228812 ,0.24745439 ,0.17025750
0.54189808 ,0.20042663 ,0.25767530
0.66540098 ,0.16125272 ,0.17334630
0.52159266 ,0.23878890 ,0.23961844
0.56697998 ,0.25861895 ,0.17440107
0.56558846 ,0.23031592 ,0.20409562
0.56384695 ,0.27188051 ,0.16427253
0.63251867 ,0.18426029 ,0.18322104
0.62486570 ,0.23363763 ,0.14149668
0.57195089 ,0.19778691 ,0.23026220
0.53620987 ,0.27351818 ,0.19027195
0.56658013 ,0.21021295 ,0.22320692
0.56579948 ,0.21459888 ,0.21960163
0.47075567 ,0.27035212 ,0.25889222
0.66234329 ,0.19458103 ,0.14307567
0.69312449 ,0.18302576 ,0.12384975
0.53620919 ,0.27992699 ,0.18386382
0.65809464 ,0.19123099 ,0.15067437
0.60426407 ,0.15647395 ,0.23926199
0.63099614 ,0.17392088 ,0.19508298
0.65786426 ,0.17533739 ,0.16679835
0.66504339 ,0.16384498 ,0.17111163
0.65312599 ,0.17028151 ,0.17659249
0.74188444 ,0.15464768 ,0.10346788
0.68942865 ,0.18203722 ,0.12853414
0.66603246 ,0.14443307 ,0.18953447
0.60898119 ,0.18489319 ,0.20612562
0.69822382 ,0.13194448 ,0.16983170
0.67786659 ,0.15127070 ,0.17086271
0.68314792 ,0.17937814 ,0.13747394
0.59960404 ,0.23108602 ,0.16930994
0.58930045 ,0.22089088 ,0.18980868
0.63152172 ,0.17520285 ,0.19327543
0.59545284 ,0.20226476 ,0.20228240
0.65388708 ,0.17580270 ,0.17031021
0.52732742 ,0.20218807 ,0.27048451
0.71531432 ,0.14413854 ,0.14054713
0.66135068 ,0.16454150 ,0.17410783
0.55629275 ,0.11377543 ,0.32993182
0.60897166 ,0.15972216 ,0.23130619
0.57633281 ,0.21821706 ,0.20545013
0.66955060 ,0.13371192 ,0.19673748
0.60509740 ,0.19744033 ,0.19746227
0.67946483 ,0.18556502 ,0.13497015
0.66207659 ,0.15175451 ,0.18616889
0.58574650 ,0.21660162 ,0.19765188
0.69370268 ,0.17370724 ,0.13259008
0.77849861 ,0.13034280 ,0.09115859
0.65000203 ,0.17767495 ,0.17232302
0.51596742 ,0.20053553 ,0.28349705
0.71552841 ,0.15203363 ,0.13243797
0.61076803 ,0.17806353 ,0.21116844
0.57203340 ,0.23899011 ,0.18897650
0.67192436 ,0.18013737 ,0.14793827
0.50005805 ,0.17386590 ,0.32607605
0.63545394 ,0.19138954 ,0.17315652
0.73952235 ,0.12910457 ,0.13137308
0.53902508 ,0.28627298 ,0.17470194
0.56144686 ,0.23652399 ,0.20202916
0.57679905 ,0.21976364 ,0.20343731
0.49616493 ,0.27149190 ,0.23234316
0.66780734 ,0.20256355 ,0.12962911
0.54641977 ,0.22673768 ,0.22684256
0.77433656 ,0.14120115 ,0.08446230
0.55177833 ,0.19766100 ,0.25056067
0.70426013 ,0.14588696 ,0.14985291
0.70244418 ,0.15613746 ,0.14141836
0.57647534 ,0.22479991 ,0.19872475
0.68791474 ,0.18555191 ,0.12653335
0.60686346 ,0.23509113 ,0.15804540
0.53570438 ,0.26085953 ,0.20343609
0.66190791 ,0.18738692 ,0.15070518
0.65971384 ,0.15591697 ,0.18436919
0.69126993 ,0.14846948 ,0.16026059
0.48207582 ,0.23517140 ,0.28275279
0.51404060 ,0.24193354 ,0.24402586
0.62941694 ,0.14520618 ,0.22537688
0.66377723 ,0.18543960 ,0.15078316
0.67628645 ,0.13769123 ,0.18602233
0.74324303 ,0.14365636 ,0.11310062
0.67031022 ,0.19783153 ,0.13185824
0.61911053 ,0.16351988 ,0.21736959
0.46508523 ,0.28110515 ,0.25380961
0.64564083 ,0.15505143 ,0.19930774
0.53290354 ,0.31173088 ,0.15536558
0.72856190 ,0.14569322 ,0.12574488
0.64392219 ,0.13481968 ,0.22125813
0.61493196 ,0.15294379 ,0.23212425
0.58109804 ,0.27135158 ,0.14755038
0.47038041 ,0.28108954 ,0.24853004
0.68703804 ,0.15873619 ,0.15422578
0.63738352 ,0.18039350 ,0.18222298
0.65961456 ,0.18599162 ,0.15439382
0.61024846 ,0.16291062 ,0.22684092
0.61689725 ,0.22125778 ,0.16184498
0.68600521 ,0.15794964 ,0.15604515
0.76434373 ,0.11111014 ,0.12454613
0.44727335 ,0.30946079 ,0.24326585
0.51638262 ,0.25224309 ,0.23137429
0.64557891 ,0.20129674 ,0.15312436
0.64740179 ,0.17391436 ,0.17868385
0.68515914 ,0.19894462 ,0.11589625
0.67289851 ,0.13873279 ,0.18836870
0.69523983 ,0.18271965 ,0.12204052
0.68073226 ,0.12298618 ,0.19628156
0.61230960 ,0.18197856 ,0.20571185
0.60571767 ,0.17038733 ,0.22389500
0.57968032 ,0.28935324 ,0.13096644
0.61816474 ,0.22031768 ,0.16151758
0.63082582 ,0.20717316 ,0.16200102
0.74244723 ,0.14866949 ,0.10888328
0.66873504 ,0.11603203 ,0.21523293
0.62876298 ,0.21210601 ,0.15913101
0.64682078 ,0.13831612 ,0.21486310
0.59239296 ,0.24554236 ,0.16206468
0.69378722 ,0.13346837 ,0.17274442
0.74371710 ,0.15305836 ,0.10322454
0.40588592 ,0.41148799 ,0.18262609
0.61616985 ,0.17564835 ,0.20818179
0.56118226 ,0.23122496 ,0.20759278
0.69413307 ,0.14354250 ,0.16232443
0.52971953 ,0.19357546 ,0.27670502
0.66118303 ,0.17605396 ,0.16276301
0.80204406 ,0.10983611 ,0.08811984
0.56346937 ,0.24596218 ,0.19056845
0.59529039 ,0.17790483 ,0.22680478
0.63709960 ,0.16113398 ,0.20176642
0.60381062 ,0.16809720 ,0.22809219
0.58464797 ,0.26914221 ,0.14620982
0.62560430 ,0.18834100 ,0.18605469
0.58336243 ,0.21616758 ,0.20046999
0.70973804 ,0.12004939 ,0.17021257
0.59225187 ,0.20071066 ,0.20703747
0.56463850 ,0.20689439 ,0.22846711
0.68277893 ,0.18131105 ,0.13591002
0.63223961 ,0.22716453 ,0.14059587
0.64772055 ,0.16918984 ,0.18308961
0.67966577 ,0.16996116 ,0.15037307
0.60816810 ,0.24978006 ,0.14205184
0.68718247 ,0.16014692 ,0.15267061
0.74729773 ,0.13252055 ,0.12018172
0.63155524 ,0.15399161 ,0.21445315
0.61356068 ,0.20350034 ,0.18293898
0.68159250 ,0.16276826 ,0.15563924
0.58562383 ,0.16320164 ,0.25117453
0.65927102 ,0.17579044 ,0.16493854
0.69028715 ,0.17160441 ,0.13810844
0.58450527 ,0.18662106 ,0.22887367
0.63747063 ,0.19828774 ,0.16424163
0.63965919 ,0.18141641 ,0.17892441
0.70377564 ,0.16441046 ,0.13181391
0.66689926 ,0.19369823 ,0.13940251
0.59921092 ,0.27484834 ,0.12594073
0.62900116 ,0.22719084 ,0.14380800
0.57305350 ,0.29920927 ,0.12773723
0.74850721 ,0.14163271 ,0.10986008
0.65171950 ,0.16614090 ,0.18213960
0.70964894 ,0.16963568 ,0.12071538
0.55220324 ,0.30723034 ,0.14056642
0.68539590 ,0.13398083 ,0.18062327
0.59300973 ,0.19384807 ,0.21314219
0.65002289 ,0.17253718 ,0.17743993
0.58723164 ,0.19906267 ,0.21370568
0.61362171 ,0.19463684 ,0.19174145
0.63840912 ,0.19044345 ,0.17114742
0.47243482 ,0.29893051 ,0.22863467
0.63894454 ,0.17729880 ,0.18375666
0.60517236 ,0.17931041 ,0.21551722
0.42546679 ,0.38618114 ,0.18835206
0.63554968 ,0.17321000 ,0.19124032
0.73422624 ,0.13959400 ,0.12617976
0.52634490 ,0.17974129 ,0.29391381
0.67694562 ,0.13951994 ,0.18353443
0.66074367 ,0.19648170 ,0.14277463
0.63633059 ,0.15600043 ,0.20766898
0.72294882 ,0.17774578 ,0.09930540
0.53746823 ,0.33742875 ,0.12510301
0.69712847 ,0.12123586 ,0.18163567
0.63142805 ,0.21183638 ,0.15673557
0.51406347 ,0.33949485 ,0.14644168
0.67160050 ,0.16115671 ,0.16724279
0.53464376 ,0.30929296 ,0.15606329
0.66079637 ,0.17171581 ,0.16748782
0.43231403 ,0.39172621 ,0.17595976
0.58524572 ,0.25175978 ,0.16299449
0.68598478 ,0.18119059 ,0.13282463
0.62889619 ,0.19296077 ,0.17814304
0.63167478 ,0.18852558 ,0.17979964
0.65027168 ,0.18179800 ,0.16793033
0.76126312 ,0.14665037 ,0.09208651
0.58959769 ,0.22555329 ,0.18484902
0.53579939 ,0.22384977 ,0.24035084
0.41884274 ,0.39558411 ,0.18557314
0.76881746 ,0.13976304 ,0.09141950
0.52055537 ,0.19596367 ,0.28348096
0.64799381 ,0.22707087 ,0.12493532
0.62015111 ,0.23071012 ,0.14913876
0.65547417 ,0.13345905 ,0.21106677
0.68844568 ,0.15928042 ,0.15227390
0.61650083 ,0.24905116 ,0.13444801
0.64660059 ,0.18386619 ,0.16953322
0.61243766 ,0.20141450 ,0.18614784
0.69998069 ,0.16679955 ,0.13321976
0.54882240 ,0.30886665 ,0.14231095
0.43322243 ,0.41239696 ,0.15438061
0.58426229 ,0.25362800 ,0.16210971
0.48073962 ,0.30852308 ,0.21073731
0.60666727 ,0.24419331 ,0.14913941
0.54263418 ,0.25563982 ,0.20172600
0.68005899 ,0.17433651 ,0.14560451
0.66204425 ,0.15997418 ,0.17798157
0.48557574 ,0.37248792 ,0.14193634
0.56108698 ,0.22165179 ,0.21726123
0.63604132 ,0.20060608 ,0.16335261
0.69329237 ,0.14223312 ,0.16447451
0.63771066 ,0.18690767 ,0.17538168
0.55147277 ,0.27337878 ,0.17514846
0.59973032 ,0.22030665 ,0.17996303
0.42842545 ,0.34003519 ,0.23153936
0.73545312 ,0.14388184 ,0.12066504
0.78200264 ,0.12704775 ,0.09094960
0.67082412 ,0.16174628 ,0.16742960
0.71307283 ,0.15807882 ,0.12884835
0.66117632 ,0.14603847 ,0.19278521
0.64439025 ,0.15517752 ,0.20043223
0.69414948 ,0.15023038 ,0.15562014
0.79785412 ,0.10481118 ,0.09733471
0.61431332 ,0.23302004 ,0.15266665
0.57022810 ,0.24488229 ,0.18488961
0.63154003 ,0.17889402 ,0.18956595
0.68339248 ,0.16048247 ,0.15612505
0.69896563 ,0.14241127 ,0.15862310
0.64398211 ,0.17445274 ,0.18156516
0.68801343 ,0.18374791 ,0.12823865
0.63732152 ,0.15730861 ,0.20536987
0.74842405 ,0.10197004 ,0.14960591
0.66475452 ,0.18672116 ,0.14852433
0.63970872 ,0.13237537 ,0.22791591
0.64090697 ,0.21757701 ,0.14151602
0.64900216 ,0.22248689 ,0.12851095
0.60437388 ,0.20450807 ,0.19111805
0.68081062 ,0.18432419 ,0.13486519
0.48356177 ,0.29807457 ,0.21836367
0.66957626 ,0.16767268 ,0.16275107
0.61148310 ,0.25056349 ,0.13795342
0.70828155 ,0.18566096 ,0.10605749
0.63373486 ,0.13790687 ,0.22835827
0.61080152 ,0.21108532 ,0.17811316
0.66976215 ,0.23052094 ,0.09971691
0.70256116 ,0.15850136 ,0.13893748
0.68020521 ,0.15409790 ,0.16569689
0.76992813 ,0.11810460 ,0.11196728
0.56709806 ,0.22061989 ,0.21228205
0.62031054 ,0.20084715 ,0.17884231
0.58354744 ,0.14747363 ,0.26897893
0.75971691 ,0.12645611 ,0.11382699
0.65510167 ,0.17315339 ,0.17174493
0.63883172 ,0.16943988 ,0.19172840
0.62276782 ,0.21051530 ,0.16671687
